1a43A	1a43A	100.00	72	0	0	1	72	1	72	4e-52	 152
1a5eA	1a5eA	100.00	156	0	0	1	156	1	156	2e-98	 277
1a5eA	1ihbA	38.10	105	64	1	44	148	33	136	3e-17	67.8
1aepA	1aepA	100.00	153	0	0	1	153	1	153	1e-83	 239
1ag2A	1ag2A	100.00	103	0	0	1	103	1	103	1e-64	 187
1aj3A	1aj3A	100.00	98	0	0	1	98	1	98	2e-69	 199
1aj3A	1cunA	98.98	98	1	0	1	98	3	100	3e-68	 199
1aj3A	1cunA	34.74	95	62	0	2	96	110	204	4e-15	60.5
1akyA	1akyA	100.00	218	0	0	1	218	1	218	6e-164	 448
1akyA	1ankA	46.12	219	108	3	3	216	1	214	1e-68	 205
1am7A	1am7A	100.00	148	0	0	1	148	1	148	3e-110	 306
1amqA	1amqA	100.00	396	0	0	1	396	1	396	0.0	 824
1ankA	1ankA	100.00	214	0	0	1	214	1	214	5e-158	 432
1ankA	1akyA	46.12	219	108	3	1	214	3	216	1e-68	 205
1aonU	1aonU	100.00	97	0	0	1	97	1	97	2e-65	 188
1apsA	1apsA	100.00	98	0	0	1	98	1	98	3e-70	 201
1arrA	1arrA	100.00	53	0	0	1	53	1	53	1e-35	 109
1azpA	1azpA	100.00	66	0	0	1	66	1	66	2e-43	 130
1azpA	1ssoA	84.48	58	8	1	4	60	3	60	9e-31	97.8
1b26A	1b26A	100.00	409	0	0	1	409	1	409	0.0	 791
1b8eA	1b8eA	100.00	152	0	0	1	152	1	152	1e-111	 310
1blcA	1blcA	100.00	257	0	0	1	257	1	257	2e-165	 455
1blcA	1zg4A	33.20	256	166	4	5	257	10	263	8e-40	 134
1bniA	1bniA	100.00	108	0	0	1	108	1	108	8e-79	 223
1bniA	1mgrA	37.29	59	35	2	51	107	35	93	1e-06	35.8
1bniA	1lniA	33.75	80	44	4	31	107	19	92	0.001	27.7
1boyA	1boyA	100.00	211	0	0	1	211	1	211	1e-146	 403
1btaA	1btaA	100.00	89	0	0	1	89	1	89	1e-63	 183
1bvcA	1bvcA	100.00	153	0	0	1	153	1	153	5e-110	 306
1c9oA	1c9oA	100.00	66	0	0	1	66	1	66	3e-44	 132
1c9oA	1cspA	84.62	65	10	0	1	65	1	65	2e-36	 112
1c9oA	1mjcA	60.94	64	24	1	4	66	6	69	2e-24	81.6
1cahA	1cahA	100.00	258	0	0	1	258	1	258	0.0	 531
1ceyA	1ceyA	100.00	128	0	0	1	128	1	128	1e-79	 226
1chkA	1chkA	100.00	238	0	0	1	238	1	238	4e-168	 460
1cseI	1cseI	100.00	63	0	0	1	63	1	63	4e-43	 129
1cseI	2ci2I	37.10	62	38	1	2	63	5	65	5e-13	51.6
1cspA	1cspA	100.00	67	0	0	1	67	1	67	1e-44	 133
1cspA	1c9oA	84.62	65	10	0	1	65	1	65	2e-36	 112
1cspA	1mjcA	62.50	64	23	1	2	64	4	67	7e-25	82.8
1cunA	1cunA	100.00	213	0	0	1	213	1	213	8e-158	 432
1cunA	1aj3A	98.98	98	1	0	3	100	1	98	7e-68	 199
1cunA	1aj3A	34.74	95	62	0	110	204	2	96	8e-15	60.5
1dktA	1dktA	100.00	72	0	0	1	72	1	72	3e-51	 150
1e65A	1e65A	100.00	128	0	0	1	128	1	128	1e-95	 268
1ey0A	1ey0A	100.00	136	0	0	1	136	1	136	4e-100	 279
1fkjA	1fkjA	100.00	107	0	0	1	107	1	107	9e-79	 223
1fnaA	1fnaA	100.00	91	0	0	1	91	1	91	3e-62	 180
1fnaA	1tenA	28.12	96	47	5	3	89	8	90	3e-05	31.2
1ftgA	1ftgA	100.00	168	0	0	1	168	1	168	9e-122	 337
1fvkA	1fvkA	100.00	188	0	0	1	188	1	188	3e-142	 390
1g4iA	1g4iA	100.00	123	0	0	1	123	1	123	1e-76	 219
1g4iA	1p2pA	84.30	121	19	0	1	121	1	121	2e-65	 190
1g6nA	1g6nA	100.00	200	0	0	1	200	1	200	1e-151	 416
1h7mA	1h7mA	100.00	99	0	0	1	99	1	99	2e-69	 199
1hfzA	1hfzA	100.00	123	0	0	1	123	1	123	2e-80	 228
1hfzA	1hmkA	95.04	121	6	0	1	121	1	121	6e-75	 214
1hfzA	1lz1A	39.32	117	66	3	4	115	3	119	2e-24	85.1
1hfzA	4lyzA	41.59	113	62	3	4	112	3	115	3e-23	82.4
1hk0X	1hk0X	100.00	173	0	0	1	173	1	173	1e-129	 357
1hmeA	1hmeA	100.00	77	0	0	1	77	1	77	9e-42	 126
1hmkA	1hmkA	100.00	121	0	0	1	121	1	121	5e-79	 224
1hmkA	1hfzA	95.04	121	6	0	1	121	1	121	1e-74	 214
1hmkA	4lyzA	44.25	113	59	3	4	112	3	115	1e-25	89.0
1hmkA	1lz1A	39.32	117	66	3	4	115	3	119	2e-23	83.2
1hmsA	1hmsA	100.00	131	0	0	1	131	1	131	5e-94	 263
1hmsA	1ifcA	32.06	131	87	1	3	131	1	131	4e-20	74.3
1htiA	1htiA	100.00	248	0	0	1	248	1	248	0.0	 507
1huuA	1huuA	100.00	80	0	0	1	80	1	80	3e-54	 158
1ietA	1ietA	100.00	94	0	0	1	94	1	94	1e-66	 191
1ifcA	1ifcA	100.00	131	0	0	1	131	1	131	1e-93	 263
1ifcA	1hmsA	32.06	131	87	1	1	131	3	131	4e-20	74.3
1igvA	1igvA	100.00	75	0	0	1	75	1	75	1e-38	 118
1igvA	2h61A	36.36	77	46	1	1	74	6	82	9e-09	40.4
1igvA	1rtp1	37.78	45	19	1	35	70	62	106	0.002	26.9
1ihbA	1ihbA	100.00	156	0	0	1	156	1	156	2e-102	 287
1ihbA	1a5eA	39.85	133	79	1	5	136	16	148	1e-20	76.6
1imqA	1imqA	100.00	86	0	0	1	86	1	86	1e-62	 181
1io2A	1io2A	100.00	213	0	0	1	213	1	213	6e-153	 420
1iroA	1iroA	100.00	53	0	0	1	53	1	53	9e-36	 109
1jiwI	1jiwI	100.00	93	0	0	13	105	13	105	4e-51	 152
1k9qA	1k9qA	100.00	40	0	0	1	40	1	40	2e-27	87.4
1kcqA	1kcqA	100.00	104	0	0	1	104	1	104	2e-76	 216
1kdxA	1kdxA	100.00	81	0	0	1	81	1	81	5e-58	 168
1ke4A	1ke4A	100.00	352	0	0	1	352	1	352	0.0	 718
1kfwA	1kfwA	100.00	435	0	0	1	435	1	435	0.0	 836
1lbiA	1lbiA	100.00	296	0	0	1	296	1	296	0.0	 600
1lbiA	2driA	24.02	254	177	9	23	266	24	271	1e-09	49.3
1lniA	1lniA	100.00	96	0	0	1	96	1	96	2e-54	 160
1lniA	1mgrA	70.97	93	27	0	4	96	5	97	6e-34	 108
1lucA	1lucA	100.00	326	0	0	1	326	1	326	0.0	 660
1lucA	1lucB	33.22	301	200	1	1	300	1	301	4e-50	 164
1lucB	1lucB	100.00	320	0	0	1	320	1	320	0.0	 669
1lucB	1lucA	33.22	301	200	1	1	301	1	300	5e-56	 180
1lveA	1lveA	100.00	114	0	0	1	114	1	114	1e-82	 233
1lveA	2immA	79.82	114	23	0	1	114	1	114	6e-66	 191
1lz1A	1lz1A	100.00	130	0	0	1	130	1	130	8e-96	 268
1lz1A	4lyzA	60.94	128	49	1	1	128	1	127	3e-55	 165
1lz1A	1hfzA	39.32	117	66	3	3	119	4	115	1e-28	96.7
1lz1A	1hmkA	39.32	117	66	3	3	119	4	115	5e-28	94.7
1mbgA	1mbgA	100.00	52	0	0	1	52	1	52	4e-35	 108
1mgrA	1mgrA	100.00	97	0	0	1	97	1	97	3e-71	 203
1mgrA	1lniA	70.97	93	27	0	5	97	4	96	3e-46	 139
1mgrA	1bniA	37.29	59	35	2	35	93	51	107	1e-06	35.8
1mjcA	1mjcA	100.00	69	0	0	1	69	1	69	5e-47	 139
1mjcA	1cspA	62.50	64	23	1	4	67	2	64	7e-25	82.8
1mjcA	1c9oA	60.94	64	24	1	6	69	4	66	3e-24	81.6
1msiA	1msiA	100.00	66	0	0	1	66	1	66	3e-43	 129
1n0jA	1n0jA	100.00	198	0	0	1	198	1	198	3e-150	 412
1oh0A	1oh0A	100.00	125	0	0	1	125	1	125	6e-93	 260
1oiaA	1oiaA	100.00	90	0	0	1	90	1	90	6e-65	 186
1oncA	1oncA	100.00	104	0	0	1	104	1	104	4e-76	 216
1oncA	1rtbA	32.63	95	49	6	19	98	26	120	2e-05	32.7
1otrB	1otrB	100.00	76	0	0	1	76	1	76	3e-52	 153
1otrB	1ubqA	96.05	76	3	0	1	76	1	76	2e-50	 148
1p2pA	1p2pA	100.00	124	0	0	1	124	1	124	2e-91	 256
1p2pA	1g4iA	84.30	121	19	0	1	121	1	121	1e-75	 216
1pdoA	1pdoA	100.00	129	0	0	1	129	1	129	8e-93	 260
1pgaA	1pgaA	100.00	56	0	0	1	56	1	56	3e-26	85.9
1pohA	1pohA	100.00	85	0	0	1	85	1	85	2e-58	 169
1pohA	2hprA	35.80	81	52	0	3	83	2	82	3e-16	61.6
1qgvA	1qgvA	100.00	131	0	0	1	131	1	131	2e-98	 275
1qlpA	1qlpA	100.00	372	0	0	1	372	1	372	0.0	 759
1qm4A	1qm4A	100.00	368	0	0	1	368	1	368	0.0	 730
1qndA	1qndA	100.00	123	0	0	1	123	1	123	3e-75	 215
1rg8A	1rg8A	100.00	141	0	0	1	141	1	141	3e-106	 295
1rhgA	1rhgA	100.00	145	0	0	1	145	1	145	7e-104	 290
1risA	1risA	100.00	97	0	0	1	97	1	97	2e-67	 193
1rn1C	1rn1C	100.00	104	0	0	1	104	1	104	1e-74	 213
1ropA	1ropA	100.00	56	0	0	1	56	1	56	2e-37	 114
1rtbA	1rtbA	100.00	124	0	0	1	124	1	124	3e-84	 238
1rtbA	1oncA	32.63	95	49	6	26	120	19	98	3e-05	32.7
1rtp1	1rtp1	100.00	109	0	0	1	109	1	109	2e-63	 184
1sakA	1sakA	100.00	42	0	0	1	42	1	42	2e-26	85.1
1shfA	1shfA	100.00	59	0	0	1	59	1	59	4e-41	 124
1shfA	1shgA	33.33	57	36	1	3	59	3	57	2e-11	47.4
1shfA	2a36A	39.22	51	30	1	5	55	4	53	3e-09	41.2
1shgA	1shgA	100.00	57	0	0	1	57	1	57	1e-38	 117
1shgA	1shfA	33.33	57	36	1	3	57	3	59	2e-11	47.4
1shgA	2a36A	25.00	52	38	1	4	54	3	54	8e-08	37.0
1ssoA	1ssoA	100.00	62	0	0	1	62	1	62	9e-41	 123
1ssoA	1azpA	84.48	58	8	1	3	60	4	60	8e-31	97.8
1supA	1supA	100.00	275	0	0	1	275	1	275	5e-180	 494
1tenA	1tenA	100.00	90	0	0	1	90	1	90	4e-63	 182
1tenA	1fnaA	28.12	96	47	5	8	90	3	89	3e-05	31.2
1titA	1titA	100.00	89	0	0	1	89	1	89	3e-63	 182
1tpkA	1tpkA	100.00	88	0	0	1	88	1	88	1e-64	 186
1ttqA	1ttqA	100.00	256	0	0	1	256	1	256	3e-172	 472
1ttqA	1wq5A	78.95	266	38	2	1	256	1	258	4e-137	 383
1tyvA	1tyvA	100.00	542	0	0	1	542	1	542	0.0	1112
1ubqA	1ubqA	100.00	76	0	0	1	76	1	76	2e-52	 154
1ubqA	1otrB	96.05	76	3	0	1	76	1	76	2e-50	 148
1uzcA	1uzcA	100.00	69	0	0	1	69	1	69	2e-46	 138
1vqbA	1vqbA	100.00	86	0	0	1	86	1	86	1e-61	 177
1witA	1witA	100.00	93	0	0	1	93	1	93	3e-65	 187
1wq5A	1wq5A	100.00	258	0	0	1	258	1	258	2e-173	 475
1wq5A	1ttqA	78.95	266	38	2	1	258	1	256	2e-136	 381
1yu5X	1yu5X	100.00	67	0	0	1	67	1	67	2e-46	 138
1yyjA	1yyjA	100.00	106	0	0	1	106	1	106	9e-75	 213
1zg4A	1zg4A	100.00	263	0	0	1	263	1	263	0.0	 511
1zg4A	1blcA	33.20	256	166	4	10	263	5	257	7e-41	 136
1znjB	1znjB	100.00	30	0	0	1	30	1	30	4e-19	65.5
2a01A	2a01A	100.00	243	0	0	1	243	1	243	5e-166	 456
2a36A	2a36A	100.00	59	0	0	1	59	1	59	6e-41	 123
2a36A	1shfA	39.22	51	30	1	4	53	5	55	3e-09	41.2
2a36A	1shgA	25.00	52	38	1	3	54	4	54	8e-08	37.0
2abdA	2abdA	100.00	86	0	0	1	86	1	86	1e-60	 175
2ci2I	2ci2I	100.00	65	0	0	1	65	1	65	5e-43	 129
2ci2I	1cseI	37.10	62	38	1	5	65	2	63	5e-13	51.6
2driA	2driA	100.00	271	0	0	1	271	1	271	0.0	 537
2driA	1lbiA	24.02	254	177	9	24	271	23	266	1e-09	49.3
2h61A	2h61A	100.00	91	0	0	1	91	1	91	5e-50	 149
2h61A	1igvA	35.06	77	47	1	6	82	1	74	6e-08	38.5
2hprA	2hprA	100.00	84	0	0	1	84	1	84	6e-58	 168
2hprA	1pohA	35.80	81	52	0	2	82	3	83	3e-16	61.6
2immA	2immA	100.00	114	0	0	1	114	1	114	1e-83	 236
2immA	1lveA	79.82	114	23	0	1	114	1	114	6e-66	 191
2lzmA	2lzmA	100.00	164	0	0	1	164	1	164	3e-123	 340
2nvhA	2nvhA	100.00	152	0	0	1	152	1	152	3e-113	 314
2ocjA	2ocjA	100.00	194	0	0	1	194	1	194	2e-148	 406
2rn2A	2rn2A	100.00	155	0	0	1	155	1	155	7e-118	 326
2trtA	2trtA	100.00	198	0	0	1	198	1	198	2e-146	 402
2trxA	2trxA	100.00	108	0	0	1	108	1	108	3e-77	 219
2ts1A	2ts1A	100.00	317	0	0	1	317	1	317	0.0	 625
3ecaA	3ecaA	100.00	326	0	0	1	326	1	326	0.0	 629
3glyA	3glyA	100.00	470	0	0	1	470	1	470	0.0	 911
3hhrA	3hhrA	100.00	185	0	0	1	185	1	185	2e-125	 347
3mbpA	3mbpA	100.00	370	0	0	1	370	1	370	0.0	 748
3pgkA	3pgkA	100.00	415	0	0	1	415	1	415	0.0	 832
3silA	3silA	100.00	379	0	0	1	379	1	379	0.0	 783
3ssiA	3ssiA	100.00	108	0	0	1	108	1	108	8e-78	 221
4lyzA	4lyzA	100.00	129	0	0	1	129	1	129	2e-94	 265
4lyzA	1lz1A	60.94	128	49	1	1	127	1	128	2e-55	 165
4lyzA	1hmkA	44.25	113	59	3	3	115	4	112	2e-29	98.6
4lyzA	1hfzA	41.59	113	62	3	3	115	4	112	5e-27	92.0
5croA	5croA	100.00	61	0	0	1	61	1	61	5e-43	 129
5dfrA	5dfrA	100.00	154	0	0	1	154	1	154	1e-115	 320
5ptiA	5ptiA	100.00	58	0	0	1	58	1	58	4e-40	 121
